| Beta    | p=1                | p=2                | p=3                | p=4                | p=5                | p=6                | p=7                | p=8                | p=9                | p=10               |
|---------|--------------------|--------------------|--------------------|--------------------|--------------------|--------------------|--------------------|--------------------|--------------------|--------------------|
| Beta1   | 2.283363e-04       | 1.851556e-04       | 3.529687e-03       | 3.918876e-03       | 2.436865e+00       | 3.332328e+00       | 3.835966e+01       | 7.187812e+00       | 9.326513e+03       | 4.295561e+01       |
| Beta2   | NA                 | 2.408296e-05       | 2.082636e-05       | 4.263626e-04       | 1.556144e-02       | 7.566259e-01       | 6.533366e+01       | 8.626588e-01       | 6.318838e+01       | 5.841534e+00       |
| Beta3   | NA                 | NA                 | 4.271807e-05       | 4.633409e-05       | 1.489529e-01       | 3.021913e-01       | 1.165615e+01       | 1.082169e+00       | 1.414767e+03       | 9.577836e+00       |
| Beta4   | NA                 | NA                 | NA                 | 3.116960e-06       | 1.642243e-04       | 4.730650e-02       | 3.017820e+00       | 7.352398e-02       | 4.651675e+00       | 8.750930e-01       |
| Beta5   | NA                 | NA                 | NA                 | NA                 | 2.108536e-04       | 5.792020e-04       | 1.278990e-01       | 8.012980e-03       | 1.157619e+01       | 1.406393e-01       |
| Beta6   | NA                 | NA                 | NA                 | NA                 | NA                 | 6.949106e-05       | 3.719509e-03       | 3.295834e-04       | 1.483462e-02       | 8.767212e-03       |
| Beta7   | NA                 | NA                 | NA                 | NA                 | NA                 | NA                 | 6.812568e-05       | 4.011426e-06       | 1.053039e-02       | 2.818589e-04       |
| Beta8   | NA                 | NA                 | NA                 | NA                 | NA                 | NA                 | NA                 | 1.145194e-07       | 3.275348e-06       | 1.219151e-05       |
| Beta9   | NA                 | NA                 | NA                 | NA                 | NA                 | NA                 | NA                 | NA                 | 9.416542e-07       | 6.334732e-08       |
| Beta10  | NA                 | NA                 | NA                 | NA                 | NA                 | NA                 | NA                 | NA                 | NA                 | 2.089197e-09       |
